x: 21.339479446
y: 22.947251678