image: robocup2024_arena1.pgm
mode: trinary
resolution: 0.05
origin: [-26.719479446, -28.837251678, 0]
negate: 0
occupied_thresh: 0.65
free_thresh: 0.25